1 0
1 1
1 2
1 3
1 4
1 5
1 6
1 7
1 8
1 9
1 10
1 11
1 12
1 13
1 14
1 15
1 16
1 17
1 18
1 19
1 20
1 21
1 22
1 23
1 24
1 25
1 26
2 27
2 28
2 29
2 30
2 31
2 32
2 33
2 34
2 35
2 36
2 37
2 38
2 39
2 40
2 41
2 42
2 43
2 44
2 45
2 46
2 47
2 48
2 49
2 50
2 51
2 52
2 53
2 54
2 55
2 56
2 57
2 58
2 59
2 60
2 61
2 62
2 63
2 64
2 65
2 66
2 67
2 68
2 69
2 70
2 71
2 72
2 73
2 74
2 75
2 76
2 77
2 78
2 79
2 80
2 81
2 82
2 83
2 84
2 85
2 86
2 87
2 88
2 89
2 90
2 91
2 92
2 93
2 94
2 95
2 96
2 97
2 98
2 99
2 100
2 101
2 102
2 103
2 104
2 105
2 106
2 107
2 108
2 109
2 110
2 111
2 112
2 113
2 114
2 115
2 116
2 117
2 118
2 119
2 120
2 121
2 122
2 123
2 124
2 125
2 126
2 127
2 128
2 129
2 130
2 131
2 132
2 133
2 134
2 135
2 136
2 137
2 138
2 139
2 140
2 141
2 142
2 143
2 144
2 145
2 146
2 147
2 148
2 149
2 150
2 151
2 152
2 153
2 154
2 155
2 156
2 157
2 158
2 159
2 160
2 161
2 162
2 163
2 164
2 165
2 166
2 167
2 168
2 169
2 170
2 171
2 172
2 173
2 174
2 175
2 176
2 177
2 178
2 179
2 180
2 181
2 182
2 183
2 184
2 185
2 186
2 187
2 188
2 189
2 190
2 191
2 192
2 193
2 194
2 195
2 196
2 197
2 198
2 199
2 200
2 201
2 202
3 203
3 204
3 205
3 206
3 207
3 208
3 209
3 210
3 211
3 212
3 213
3 214
3 215
3 216
3 217
3 218
3 219
3 220
3 221
3 222
3 223
3 224
3 225
3 226
3 227
3 228
3 229
3 230
3 231
3 232
3 233
3 234
3 235
3 236
3 237
3 238
3 239
3 240
3 241
3 242
3 243
3 244
3 245
3 246
3 247
3 248
3 249
3 250
3 251
3 252
3 253
3 254
3 255
3 256
3 257
3 258
3 259
3 260
3 261
3 262
3 263
3 264
3 265
3 266
3 267
3 268
3 269
3 270
3 271
3 272
3 273
3 274
3 275
3 276
3 277
3 278
3 279
3 280
3 281
3 282
3 283
3 284
3 285
3 286
3 287
3 288
3 289
3 290
3 291
3 292
3 293
3 294
3 295
3 296
3 297
3 298
3 299
3 300
3 301
3 302
3 303
3 304
3 305
3 306
3 307
3 308
3 309
3 310
3 311
3 312
3 313
3 314
3 315
3 316
3 317
3 318
3 319
3 320
3 321
3 322
3 323
3 324
3 325
3 326
3 327
3 328
3 329
3 330
3 331
3 332
3 333
3 334
3 335
3 336
3 337
3 338
3 339
3 340
3 341
3 342
3 343
3 344
3 345
3 346
3 347
3 348
3 349
3 350
3 351
3 352
3 353
3 354
3 355
3 356
3 357
3 358
3 359
3 360
3 361
3 362
3 363
3 364
3 365
3 366
3 367
3 368
3 369
3 370
3 371
3 372
3 373
3 374
3 375
3 376
3 377
3 378
3 379
3 380
3 381
3 382
3 383
3 384
3 385
3 386
3 387
3 388
3 389
3 390
4 391
4 392
4 393
4 394
4 395
4 396
4 397
4 398
4 399
4 400
4 401
4 402
4 403
4 404
4 405
4 406
4 407
4 408
4 409
4 410
4 411
4 412
4 413
4 414
4 415
4 416
4 417
4 418
4 419
4 420
4 421
4 422
4 423
4 424
4 425
4 426
4 427
4 428
4 429
4 430
4 431
4 432
4 433
4 434
4 435
4 436
4 437
4 438
4 439
4 440
4 441
4 442
4 443
4 444
4 445
4 446
4 447
4 448
4 449
4 450
4 451
4 452
4 453
4 454
4 455
4 456
4 457
4 458
4 459
4 460
4 461
4 462
4 463
4 464
4 465
4 466
4 467
4 468
4 469
4 470
4 471
4 472
4 473
4 474
4 475
4 476
4 477
4 478
4 479
4 480
4 481
4 482
4 483
4 484
4 485
4 486
4 487
4 488
4 489
4 490
4 491
4 492
4 493
4 494
4 495
4 496
4 497
4 498
4 499
4 500
4 501
4 502
4 503
4 504
4 505
4 506
4 507
4 508
4 509
4 510
4 511
4 512
4 513
4 514
4 515
4 516
4 517
4 518
4 519
4 520
4 521
4 522
4 523
4 524
4 525
4 526
4 527
4 528
4 529
4 530
4 531
4 532
4 533
4 534
4 535
4 536
4 537
4 538
4 539
4 540
4 541
4 542
4 543
4 544
4 545
4 546
4 547
4 548
4 549
4 550
5 551
5 552
5 553
5 554
5 555
5 556
5 557
5 558
5 559
5 560
5 561
5 562
5 563
5 564
5 565
5 566
5 567
5 568
5 569
5 570
5 571
5 572
5 573
5 574
5 575
5 576
5 577
5 578
5 579
5 580
5 581
5 582
5 583
5 584
5 585
5 586
5 587
5 588
5 589
5 590
5 591
5 592
5 593
5 594
5 595
5 596
5 597
5 598
5 599
5 600
5 601
5 602
5 603
5 604
5 605
5 606
5 607
5 608
5 609
5 610
5 611
5 612
5 613
5 614
5 615
5 616
5 617
5 618
5 619
5 620
5 621
5 622
5 623
5 624
5 625
5 626
5 627
5 628
5 629
5 630
5 631
5 632
5 633
5 634
5 635
5 636
5 637
5 638
5 639
5 640
5 641
5 642
5 643
5 644
5 645
5 646
5 647
5 648
5 649
5 650
5 651
5 652
5 653
5 654
5 655
5 656
5 657
5 658
5 659
5 660
5 661
5 662
5 663
5 664
5 665
5 666
5 667
5 668
5 669
5 670
5 671
5 672
5 673
5 674
5 675
5 676
5 677
5 678
5 679
5 680
5 681
5 682
5 683
5 684
5 685
5 686
5 687
5 688
5 689
5 690
6 691
6 692
6 693
6 694
6 695
6 696
6 697
6 698
6 699
6 700
6 701
6 702
6 703
6 704
6 705
6 706
6 707
6 708
6 709
6 710
6 711
6 712
6 713
6 714
6 715
6 716
6 717
6 718
6 719
6 720
6 721
6 722
6 723
6 724
6 725
6 726
6 727
6 728
6 729
6 730
6 731
6 732
6 733
6 734
6 735
6 736
6 737
6 738
6 739
6 740
6 741
6 742
6 743
6 744
6 745
6 746
6 747
6 748
6 749
6 750
6 751
6 752
6 753
6 754
6 755
6 756
6 757
6 758
6 759
6 760
6 761
6 762
6 763
6 764
6 765
6 766
6 767
6 768
6 769
6 770
6 771
6 772
6 773
6 774
6 775
6 776
6 777
6 778
6 779
6 780
6 781
6 782
6 783
6 784
6 785
6 786
6 787
6 788
6 789
6 790
6 791
6 792
6 793
6 794
6 795
6 796
6 797
6 798
6 799
6 800
6 801
6 802
6 803
6 804
6 805
6 806
6 807
6 808
6 809
7 810
7 811
7 812
7 813
7 814
7 815
7 816
7 817
7 818
7 819
7 820
7 821
7 822
7 823
7 824
7 825
7 826
7 827
7 828
7 829
7 830
7 831
7 832
7 833
7 834
7 835
7 836
7 837
7 838
7 839
7 840
7 841
7 842
7 843
7 844
7 845
7 846
7 847
7 848
7 849
7 850
7 851
7 852
7 853
7 854
7 855
7 856
7 857
7 858
7 859
7 860
7 861
7 862
7 863
7 864
7 865
7 866
7 867
7 868
7 869
7 870
7 871
7 872
7 873
7 874
7 875
7 876
7 877
7 878
7 879
7 880
7 881
7 882
7 883
7 884
7 885
7 886
7 887
7 888
7 889
7 890
7 891
7 892
7 893
7 894
7 895
7 896
7 897
7 898
7 899
7 900
7 901
7 902
8 903
8 904
8 905
8 906
8 907
8 908
8 909
8 910
8 911
8 912
8 913
8 914
8 915
8 916
8 917
8 918
8 919
8 920
8 921
8 922
8 923
8 924
8 925
8 926
8 927
8 928
8 929
8 930
8 931
8 932
8 933
8 934
8 935
8 936
8 937
8 938
8 939
8 940
8 941
8 942
8 943
8 944
8 945
8 946
8 947
8 948
8 949
8 950
8 951
8 952
8 953
8 954
8 955
8 956
8 957
8 958
8 959
8 960
8 961
8 962
8 963
8 964
8 965
8 966
8 967
8 968
8 969
8 970
8 971
8 972
8 973
8 974
8 975
8 976
8 977
8 978
8 979
8 980
8 981
8 982
8 983
8 984
9 985
9 986
9 987
9 988
9 989
9 990
9 991
9 992
9 993
9 994
9 995
9 996
9 997
9 998
9 999
9 1000
9 1001
9 1002
9 1003
9 1004
9 1005
9 1006
9 1007
9 1008
9 1009
9 1010
9 1011
9 1012
9 1013
9 1014
9 1015
9 1016
9 1017
9 1018
9 1019
9 1020
9 1021
9 1022
9 1023
9 1024
9 1025
9 1026
9 1027
9 1028
9 1029
9 1030
9 1031
9 1032
9 1033
9 1034
9 1035
9 1036
9 1037
9 1038
9 1039
9 1040
10 1041
10 1042
10 1043
10 1044
10 1045
10 1046
10 1047
10 1048
10 1049
10 1050
10 1051
10 1052
10 1053
10 1054
10 1055
10 1056
10 1057
10 1058
10 1059
10 1060
10 1061
10 1062
10 1063
10 1064
10 1065
10 1066
10 1067
10 1068
10 1069
10 1070
10 1071
10 1072
10 1073
10 1074
10 1075
10 1076
10 1077
10 1078
10 1079
10 1080
10 1081
10 1082
10 1083
10 1084
10 1085
11 1086
11 1087
11 1088
11 1089
11 1090
11 1091
11 1092
11 1093
11 1094
11 1095
11 1096
11 1097
11 1098
11 1099
11 1100
11 1101
11 1102
11 1103
11 1104
11 1105
11 1106
11 1107
11 1108
11 1109
11 1110
11 1111
11 1112
11 1113
11 1114
11 1115
11 1116
11 1117
11 1118
11 1119
11 1120
11 1121
11 1122
12 1123
12 1124
12 1125
12 1126
12 1127
12 1128
12 1129
12 1130
12 1131
12 1132
12 1133
12 1134
12 1135
12 1136
12 1137
12 1138
12 1139
12 1140
12 1141
12 1142
12 1143
12 1144
12 1145
12 1146
12 1147
12 1148
12 1149
12 1150
12 1151
12 1152
12 1153
13 1154
13 1155
13 1156
13 1157
13 1158
13 1159
13 1160
13 1161
13 1162
13 1163
13 1164
13 1165
13 1166
13 1167
13 1168
13 1169
13 1170
13 1171
13 1172
13 1173
13 1174
13 1175
13 1176
13 1177
13 1178
13 1179
14 1180
14 1181
14 1182
14 1183
14 1184
14 1185
14 1186
14 1187
14 1188
14 1189
14 1190
14 1191
14 1192
14 1193
14 1194
14 1195
14 1196
15 1197
15 1198
15 1199
15 1200
15 1201
15 1202
15 1203
15 1204
15 1205
15 1206
15 1207
15 1208
15 1209
15 1210
15 1211
16 1212
16 1213
16 1214
16 1215
16 1216
16 1217
16 1218
16 1219
16 1220
16 1221
16 1222
16 1223
16 1224
17 1225
17 1226
17 1227
17 1228
17 1229
17 1230
17 1231
17 1232
17 1233
17 1234
17 1235
18 1236
18 1237
18 1238
18 1239
18 1240
18 1241
18 1242
18 1243
18 1244
19 1245
19 1246
19 1247
19 1248
19 1249
19 1250
19 1251
20 1252
20 1253
20 1254
20 1255
20 1256
20 1257
20 1258
21 1259
21 1260
21 1261
21 1262
21 1263
21 1264
21 1265
22 1266
22 1267
22 1268
22 1269
22 1270
22 1271
23 1272
23 1273
23 1274
23 1275
23 1276
24 1277
24 1278
24 1279
24 1280
25 1281
25 1282
25 1283
26 1284
26 1285
26 1286
27 1287
27 1288
27 1289
28 1290
28 1291
28 1292
29 1293
30 1294
31 1295
32 1296
33 1297
34 1298
35 1299
36 1300
37 1301
38 1302
