0 27 203
1 28 204 391 551 691 810
0 29
0 30 205 392 552
1
2 31 206
0 32 207
0 33 205 392 553
3
4 34 208 393
0 35 209 392 554
5 36 210 394 555
1 37
1 38
0 39 211 395
0 40
0 31 209 396 556 692 811 903
0 36
0 29 212 395 557
4 41 203 397 558
0 35 213
0 28
0 36 214
0 42 215 398
0 43 216
1 27
6 31 209 399 559 693 812 904 985 1041
4 44
4 45 217 400 560 694
4 46 206 401 561 695 813
0 36 205 392
4 47 218 402 562 696 814
0 48 219 403 563 697
1 49 209
4 27 220
1 44 203 392 554 698 815
0 50 221 399
0
0 51 222
0 31 223
0 36
1
4 52
0
0
1 53 224
1 45 205 404
4 54 225
7 44
4 48 226 405
1 55 227 406
4 41 228 407 564 699 816
0 56
1
0 27 222 408 565 700 817
7 47 209 409 566 701 818 905
0 57
4 58 229
4 54 230
0 31 209 410
0
0 59 209 411
1 27 231 410
1 55 232 412 567
4
5 47 209
4 36 228
0 60 233 413 555 702 819 906
0 61 234
8
0
1 62 207
1 63 235 414 568
1 36 209
0 37 236
0 64 229 415 569
1 49 205
3 65 211 410
2 66 237
0 67
3 33 236 416
0 36
0 39 238 417
0 27 209
5 60 239 410
0 44 222 393
6 68 207
0 69 240 418 570
1 36 241
1 70 216
0 36 221
0 71 209 415 571 703
0 72 242 419 572 704 815 907
0 73
4 47 243
0 74 244 404 573 705 820
1 36 238 402 574
9 75 245 420 575 706 817
4 76 237 421 576 707
3 36 233 392
4 36 228 422 571 708 821 908 986
1 77
1 78 220
0 79 209 407 577
0 80
0 39 246 422 571
1
0
0 81 247 423 578 709 822 909
0 82 248 410
4 83
4 36 249
0
9 84 250 424 579 710
0 85
0 70 204
1 54 209 425 560
1 49 215 426 580
0 31 251 427
0 36 205 404 581 711 823
0 37
1
0 60 252 398 554 703 824 910 987 1042 1086 1123 1154 1180 1197
4 31 223
1 54 205
0 42 215
1 33 253 428 564 699 825
4 36 254 410
0 52
3 86 225 415 582
0 44 205 409 583 711
3 33 205 429 571 712 826 911
1 87 255 392
0 52 256 430
1 54 205 431
0
6 27 208
0 36
1 36 205 404
0 36 257 432 584
4 27
0 42 215 433 585 713
0 88 258 434 586 714 827 912 988
0 87 259 415 561 715
0 60
4 54 228 404 567
1 34 215 435
3 89 206
4 90 218 402 557 716 813
0 35 245 392
10 91 260 436 587 717 828 913 989 1043 1087 1124 1155 1181 1198 1212 1225 1236 1245 1252 1259 1266 1272
0 36
0 92 261 437 588 694 829
0 27
4 36 228
4 27 204 420 589 718 830 914 990 1044 1088 1125 1156 1182 1199
1 42 215
0 39 241
0 27
0 42
1 52 262
1 65 209
1 36 263 403 557 719 831 915 991 1045 1089 1126
1 93 264 438 590 720 832 916 992 1046 1090
0 94 228 439 591 721
1 53 224 440 592 722 833 917 993 1047 1091 1127 1157 1183 1200 1213 1226
11 42 209 441 593 712 817
0
0 42 265 442
0 93 266
0
0 95 225
0 96 267 443
1 31 206 444
0 97 268 445 594 723
12
0 37 205 446 595 716 834 918 994 1048 1092 1128 1158 1180 1201 1214 1227 1237
0 36 269
0
0
0 27 222 447
1 36
4 41 220 426 595 694
0
3 70 206 448 596 724 835 904 995 1049
0 44 266 449 577 716 834 919
0 27 270 450 577 692 836 909
0 27 236 422 561
0 41 228 451
1 49 222
0 33
1 98
13 99
1 36
0
0
1 33 221 392
0 56 271 452
4 83
4 54 220
4 42 272 453 597 725 837
6
1 33 205 392 583 708 838 920 994
1 37
0 52 222 422
1
0 55 273
0 39 274
0 37
1 54 205 415 561 698 835 904 985
4 85 226
4 47 220 454 598 726 824
4 70 222 454 599 727 839 905
4 78 209
0 41 208 422 551 728 815 921
4
0 100 205 430
7 36 220
3 78 275
3 36 206 455 565 694 840 922 996 1041 1093 1129 1159 1184
0 49
0
3 101 207
0 37 206 410
6 54 205
0 102 276
0 103 223 456 600 729 841
3 104 217 394 601 730 822 923 997 1050 1094 1128 1160 1185 1202 1215
1 105
0
4 106 277 448 602 731
1 36 278
0 52 209 457 589 691 835 909
1 37 208 404 553
0 107 205 458 603
1 108 279 459 565 694
1 109 241
0 48 280 460 604 732 842 924 995 1051 1095 1130 1161
0 35 233 461
4 36 209 408 605
0 86 205 462 567
0 42 215 392 554 733
0 110
1 27
1 111 222 463
0 112 281
9 113 221 455 606 695
0
6 27 282 464 607
3 33 283 397 608 701 843 909
4 27 205 422 554 711
0 27 229
8 114 206 415 609 721
4 115 284 417
4 78 285
0 42
0 44
0 27 205 392 577
1 116 254
0 117
4 105 241 465 571
1 44 267
0 46 260 436 586 717 844 913 988
4 54 203
4 31 286 410
0 27 209 466
6 41 208 409 583 726 824
0 118 241
1
0 36
1 46 217 445 610 699 845 925 998
1 36 282
0 78 220 445 611 734
0 27 287 404
0
0
1 36
1
0 36 212 427 612 711 824 926 985 1052
0 55 288 426 573 735
1
14 83
0 119
4 54 254 467
1
0 76 208
15 33 205 409 571 736
16 33 230
7 52 215 426 571 737
0 90 289 407 578 738
0 41
0 88 290 468 613 694 846
0 44 214 397 553 726 829 927 999 1053 1096 1131
0 42 215 404 577
4 54 228 441 555 712 847 928 1000 1042
0 36
0 77 215 426 577 692 815
1 34 209 392
1
1 41 205
4 108 266
4 33 291 453
1 42 215 469
0
1 33
4 27 227
0 74
4 27 228 470 614 695 848 929
0 120 221 426 565 739
0 91 292 470 615
4 31
4 46 203 471 565 694
0 88 247 406 616 717 813
0 121 209
0 41 207
1 122 217 466
0 48 229
0 36 266
0 90 263
0 123
0 31 293 472 617 740 849 930 1001
0 27 294 408 618 741 815 931
0 37 295
0 124 296
0
0 125 204
0 36 297 395 619 742 850 932 1002 1054 1097
0
0 52
4 27
6 27 203
1 90 298
0 104 223 392 553 743 851
1 79 299 442 587 744 852
0 36 282 411 620 745
1 37 298
1 95 228 393 565
0 39 209 473
4 27 220 413
0 27
1 108 295 397 595 746 815 904
4 54
6 54 225
0 36 300 474 621 747 853 933 1003
0
0
0 36
0 89 209 400 581 736 815 934 1004
8 41 273
4
0 46 260
1 36 209
4 108
1 83
0 44 209 396
1 54 205 426 565 739 846 914
0 54
0 64 222 392 554
0
0 56 288 392 620 748 854 935 1005 1055
3 78 278 438 564 749
0 46 210 413 555
0 36 209 475 607 711 845 936
0 126 301 415 561 706
0 70 302
4 39 221 392 620 704 855
0 33 209
3 27 206 441 583 750 856 937 1006 1052
0
1 37
0 42 215 422
0 36 303
0 27
1 127 244
9 128
0 27 277 476 583
1 33 221 469
0 77 277 415 622 751 855 904 985 1041 1098 1132 1162
0 129 304 477 576 721
0 36 282 422 623 752
17 83
4 44 203
0 130 215
4 27 203 410
1 36 305 478 624
0 37 306 461 611 722 857 938 1007 1056 1099 1133 1163 1180 1203 1216
0
0 100 307 392 625 703 858 939 1008 1057 1100 1128 1164
1 91 209 479
0 27 205 469 626 716 823
0 95 308 480 608
0 108 291 481
4 41 220 413 554 703
4 54 220 400 576 721
4
0
0 120 205
0 121
18 38
4 31 217 482 561 753 817 904 1009 1041 1101 1134 1165 1186 1202 1217
18
7 36 309 453 600 754 859 940
1 131 310
0 36 298 483
0 83
4 52
0 27
0
1 132
0 64 215 413 555 755
4 27 221
1 49 243 461
1 49 243 422 606
3
1 133 311 399 627 756
19 83
8
0 27 205 435 583 711
1 33
0 36 206 410
0 65 230
4 134 254 441 622
0 36 233 484
0 42 209 485 628 757 828 905
0 27 312
0 36 254 392 629 708 860 941
1 36 215 422 630
0 135 313 404 553
1 36 209
0 136 241 433 631
0 137 215 426
0
4 78 228 486
4 41 314 410
0 138 217 415 632 695 861 942 985 1058
0 36 243 487
0 36 209 404 633
0 36
1 49 205
0 100 204 457 608 701 862 943 1010 1059
0 36 267
4 27 225
4 31 203 446 621
0 113
6
0 113 206 392 561 758 863 936 1011
9 49 241 392 611 759 818 944 1012
0 27 241
1 36 236 488 634 695 835 904 988
0 139
1 36 243
4 95 207
0 31 315 410
0 36 205 426 565 692 864
0 140 275 489
0 55 205 392 561 760 815 945 1013 1060 1102
0
0 119 241 402 635 761 846 946
0 36
0 139 316 407
1 83
4 36 317
0 141 206 415 636
0 36 208 470
0 39
0 27 318 490 637 762 865 947 1014 1061 1103
7 31 319 491 611
0 142
1 49 241 404
1 27 206 415 561 695
0 39
1 27 320 392 554
4 54
0 39 221
0 120 206
1 33 214
1 143 321 492
0 120 267 392 571
0 93
1 37
0 144 308
1 33 205
4 33 295
1 60 283 493 611 763 853 933
0 48 322 422 577
0 34 323
0 38
0 125 288 399 557 764 822 948 1015 1052
20 27
1 42 215 406
6 76 211
1 145
0 53 224 440 592 722 833 917 993 1047 1091 1127 1157 1183 1200 1213 1228 1238 1246 1253 1260 1267 1273 1277 1281 1284 1287 1290
1 98
4 146
9 67 204 405 558
4
4 44 324 410
6 102 209 392 577 728 866 904 1016 1062 1104 1135 1166 1186
0 76 237 421 638 765 867 949 988
0
0 36 262
0 36 208 488
0 49 317 393 636 694 846
9 78 220
7 44 325 409
1 65 215 426
1 78 220
0 42 215 494
3
1 56 326 495 613 711
1
0 59
1 53 224
0 27 209
0 147 205
0
0 31 225 448 583 765 868 918 1017 1063 1105 1136 1167 1187 1204 1218 1229 1239 1247 1254 1261 1268 1274 1278 1282 1285 1288 1291 1293 1294 1295 1296 1297 1298 1299 1300 1301 1302
4 148 215 409 577 766 846 950
3 149 327 409 620 759 821 951 999
4 83
0 27
0 27 205
1 36 328
4 41 208 393 636 767 821
4 93 208
1 36 329 496 639 768 869
1 33 330
0
4 41 331 410
0 127
0 150 207
1 31 209
0 37 278 497 640 769 853 952
0 27 229
0
4 36 220 421 641 770 846 928
1 36 332 498 642 771
4 78 220
0 49 205 440 592 722 833 917 993 1047 1091 1127 1157 1183 1200 1213 1228 1238 1246 1253 1260 1269 1275 1279
4
0 151 205 484 554
1 120 243 461
0 33
1 36 209
4 32 207
0
1 93 333
0 36 209 473
0 152
0
0 39 241
0 27 205
0
4 153 334
4 41 317 499
9 47 220 473 577 703
1 70 266
0
18 78 215 426
0 49 275
1 37 335 409 553 772 835 951 985 1064
18 78
0 44 205 392 574
0
0 36 215 426 577 773
0 27 336
0
0
0 100 243 420 574 743 870
1 95
0 36 291 500 643 721
0
0 27 337 422
1 154 265 461 644 694 844
0 27
0 42 215
3 49
0 90 218 402 607 692 871 953 1005 1065 1106 1137 1168 1188 1205 1219 1230
0 44
1 91 338 501 645 699 872 954 1005 1066 1107 1138 1162
0 36 339
0 104 221 392 646 736 873 910 1018 1067 1108 1139 1169 1189 1206 1220 1231 1240 1248 1255 1262 1270 1276 1280 1283 1286 1289 1292
0 36 205 502 647 774 874
0 95 214
4 41 228 503
4 54 203 394 574
0 36 205
16 155 340
0 87 218 499
4 27 341 416 561 721
1 36 342 504
0 156 241 393 554 737 875 934
4 54
0 36 290 404 554 759 876 955
4 36 343
1 54 208 505 648 775 877 933 1007
0 39
0 157 222
3 158 252 506 649 721
0 42 205 392
1 110 330
4 159 230
0 152 229 431
0 95 209
4 27
0 36 344 507
0 27 205 461 650
0 37 345
0
1 41
0 110 209
0 102
0 83
0 42 215 508
3 36 236
4 87 241 473 577 776 878 956 1019
0 46 346 509 651 777 879 957 1020 1068
0 44 205 404
4 27 347
4 34 254 494 621 692 880
1 148
4 41 348 510 652 742
4 38
0 91 206 415 611 778 813
0 36
0 33 282
0 36 349
1 27
0 160 222 404
18 37
1 52 205 392 629 727 818
0 36 205 511
0 161
0 162
0 49 209 413 555
0 36 243
0 163 243 422 618 694 846 958
0 164 341 470 593 779 881 959 1021 1069 1109
0 165 207
4 36 209 512
1 27 350 446
0 36 227 404
4 54 228
4 166
1 41
0 167 209 493 653 716 882 909
9 168 351 426 565
1 33 243
0 169
1 83
17 83
4 42 215 481 605
0 27 209 512
0 36 352 513
0 27
0
0 27 215 426
4 27 228 426 565
21
0 27 278 455 654 780
4 27
1 39
4 36 228
1 90 353
1 120 218
1 27
4 27 228 466 558 765
1 90 354 415 556 753 834 960 1022
4 36 209 461 553
0 170
4 108
0 146 204
0 108 206 404 558 781 850 961 985 1070 1110 1140 1170 1190
4 78 228 404
4 36 205 461 553 711
0
4 171
6
4 130 243 394 655 692 846 928 1023 1067 1087 1141
3 70 320
0 159 211 410
0 172
4 83
0 44 355 461 656 721
0 83
0 42 205
4 31 237 428 657
3 173 206 404 553 698 846 962 1024 1071 1111 1142 1171 1191 1207 1221 1232 1241
4 36 228 411
0
4 174 208 514 658 782
0
1 34 288
4 54
4 44 205 429
1 41 356 515 659 783
4 27 228 466 567
1 41 254
0 34 330 435 565
1 37 254
9 175 307 404 581 784 876 946 1025 1072 1112 1143
2 39
0 84 215 516
22 76 311 517 660 785 872 963 1026 1073 1113 1144 1172 1192 1208 1222 1233 1242 1249
3 33 205
0 44 288 404 661
4 41 357 420 557 786 883 964 985 1074
0 36
1 127
0 49 209
0 36 349
4 78 317 518 662 787 873 965 1027 1075
0 27 206 511 636
9 27 209 392 581 764 815 910 1028 1076
4
0 27
4 54 225 519 554 697 884 904 999
0 36
1 176 217 426 565 692
1 44 209 502 663 706 823 966 1028 1077
0 46 272
0 49 209 392
0 128 226 484 555 763 824 967
0 177 338 501 664 691 810 968 1029 1078 1114 1145 1166 1193 1209 1223 1234 1243 1245 1256 1263 1271
23 125 205 394 557 730 824 959 1030 1079 1098 1146
0 59
0 59 358 520
0 96
0 119 205 521 665 698 885 969 1031 1080
3 31 359 522
0 33 222
0
0
2 31 360 468 666 788 886
4 39 241
0 178 361 523 667 789 887
4 27
0 110 362 524
1 32 207
1 54
1 36 209 392 564
0 46 204 449 571
0 42 228 426 600 695
0 36 303
3 179 261
0 42 222 455
1 27 241
1 33 209
16 37 226 525
4 27 221 526 635 779 845 918 1032 1081 1101 1147 1173 1194 1210 1224 1235 1244 1250 1257 1264
0 39 204 527 668
4 180 363 410
9 36 206 501 669 790 834 970 1033 1041 1115 1148 1174
1 36 217
6 54 220 482 558 758 835 904 985 1060 1116
0 27 243 461 554 698 880 971 999 1053
4 36
1 33
0
0 113 206 420
0 39
0 36
9 78 204
0
0 38 364 528
0 36 211 398 581
1 33 251 392 670 791 819
3 78 237 393 647 703 815 972 1034 1082 1117 1149 1175
1 27 203 529
0 95 205 530 609 721
1 33
3 36 205 392
0 64
0
1 36 209
1 83
9 113 365 441 671 792 888 921 1035 1082 1118 1150 1176 1188 1206
0 49 243 422
7 141 265
0 36 211 531 577 703
0 126 214 395 672
0
1 74
0 27 205
0 42
7
4 181
4
0 182
7 36 228 404 595
0 42 267
1 36 366 532
0 83
3
0 36 272
0 36 205
9 31 206 533 567
0 139 240 424 638
1 183 367 397 551 773 828 953 1036 1049 1119 1151
1 27
3 47
4 120 347 422 673
0 42 330 534 674 793 815 928
1 27
4 27 228 466
1 110 368 535 675 703
0 27
6 33 208 431 583 726 813
0 79 214 422 636 717 858 973
0 184
0 60 330
4 36 221
17 83
0 104
1 27 209 392 553
3 36
0 28 209 392 554
0 60 205 498 612 794 889 910
24 49 205 409 577 791 825 965 994 1059 1109
9 49 243 536 613 795 858 974 1037 1083
4 185 369 410
3
1 167 243
0 36 303 537
0 62
0
0 160 209
4 36 344 538
4 78 205 404 565 703 815 910 987 1084 1120 1152 1177 1195 1211
0 36 215 426
0 44 370
0 113 206 512
0 186
1 120 254 512 676 759 817 904 985 1052
4 27 225 539 561 796 835 975 985
1 167 371 470 595 695 890 976
1
1 139
3 42 215 393
3 131 372
0 36 205
0
0 31 205
1 52 209
1 49
9 150 373 430 677 797 891
0 187 283
0 100
0 167 278 455 571 798 892
4 42 215 395
3 64 289
0 188 273
0 87 221 540
4 41 205 392
1 65 230 394
4 54 228
6
9 27 209
4 33
0 33
0 36 211 461
1 74
0 70 237 541 589 703 876 977
0 33 374 392
3 60 375 435 678
0 139 205 404 580 703
0 44 209 394
18 113 205
0 31 246 394
0 36 209
0 35 205 404 554 799 893 934
7 27 206 410
1 33 205
6 44 209 409
1 36 214
0 36 326 469 661
4 54 376
18 187 209 542
1 33 208 404 679 772 873 978 1038 1057 1121
0 36 209 397 680
0 33 206
0 36 229 527 668 800 863 928 1000
0 86 377 406 681 701
0 131 209
1 83
1 46 221 424 600 751 854 979 985 1085 1109
1 52 222 392 663 703
4 160 233 543 659
4 78 220
0 102 209 405 554 709 894 909
4 41
0 48 303
3 33 293 426
0 27 215 449 565 801 867
0 46 209 404
0 49 355 544
25
0 159 220 426
9 27 219 407 626
0 27 243 545 682
4 144
0
0 189 288 546
18
0 36 260
4 181 225
1 39 222
4 36 228
1
1 49 209
0 27 378 409 577
0 36
7 36 208 404 583 753 895 980
4 190 261 431 577 802 896 981
1
1 191 218
0 36 241
1 78 257
0 33 379 464 683 760 846 955 1039 1044 1122 1153 1178 1196
1 27 231 415 561 767 897
4 37 215 426
4 55 207
0 36
1 33 206 409 552 803 846 928
1 50 206 415
0 27
4 39 380 409 636 751 816 982
1
4 77 381 451 684
16 46
3 192 382 547 567
4 83
0 193 383 426 565
0 90 208 431 577 804 813
4 27 208 457 685 760 898 983
0 59 205 461
4 41 228 415
4 120 221
26 83
4 36 220
4 54 273
0 31 283 498 555 805 825 955
1
3 194 215 426
0 41
1 120
4 41 233 404 555 779
1 41
0
0 27 384 404 622 737
0 102 205 413 686 721
4
1 195
0 37
0 196 275 473 554 806
1 42 221
0 197 204 426 556 708
1
0 44 209 392 639 807 899 984 1040
0 27
1 50
0
0 36 230 498 577
0 198 232
0 32 207
0
4 54 230 408 687 772 900 928 1000 1053
0 50 338
0 33 205 394 654 742 867
4 199 215 426
4 27 286 410
4 200 248 415 567
1 45 337 548
4 27 203
3 43 215
0
4 68 385 420
0 112 386
0 42 206
3 120 387 506 554
4 36 220 415 688 717 827 939 1039 1044 1088 1144 1179
0 49 388
0 127 389 473 689 808 901 936
0
0 87
0 152
9 36
0 36 284
4 35 241 426
0 90 237 424 690 721
1 83
4 41 254 393 652 770 902
0 52
6 70 214
0 95 211 395 614 809 815 969
4 36 291 440 592 722 833 917 993 1047 1091 1127 1157 1183 1200 1213 1228 1238 1251 1258 1265 1271
20 201
4 202 390 549
0 96 307 550
